物理攻击 +%s
411,413,415,476,478,481,753,754,756,755,757,758,759,760,761,762,763,1009,1008,1007,1006,784,785,786,787,788,789,790,791,792,793,794,994,995,996,997,1401,1402,1403,1404,1405,341,342,343,586,848,849,850,852,857,858,859,860,855,1011,1010,1012,1013,2020,2022,3036,3040,3295,3296,3297,3298,3299,3300,1150,1152,2884,1144,1146,1148,2447,2449,2451,3398,3514,3531,3548
物理攻击上限 +%s
412,414,416,764,765,766,767,768,769,770,771,772,773,774,1003,1004,1005,1002,795,796,797,798,799,800,801,802,803,804,805,1001,1000,999,998,3026
物理攻击 +%s%%
417,418,419,775,344,2221,2222,2223,2224,2225,2226,2227,2228,2229,2248,2249,2250,2251,2252,2253,2254,2255,2256,553,554,555,556
魔法攻击 +%s
422,434,436,483,485,488,809,810,811,813,814,815,816,817,818,820,821,990,991,992,993,348,349,350,588,885,886,887,889,890,891,892,893,895,1018,1019,1020,1022,1160,1162,1423,1424,1425,1426,1427,2023,2882,3038,3042,3301,3302,3303,3304,3305,3306,561,562,563,564,1154,1156,1158,2453,2455,2466,3400,3515,3532,3549
魔法攻击上限+%s
423,435,437,822,823,824,825,826,827,828,829,830,831,832,989,988,987,986,3028
魔法攻击 +%s%%
438,439,440,835,351,2230,2231,2232,2233,2234,2235,2236,2237,2238,2257,2258,2259,2260,2261,2262,2265,2266,2267
物功-物防 +%s
345,346,347,587,862,863,864,865,867,868,869,870,871,1014,1015,1016,1017
魔功-魔防+%s
352,353,354,589,896,897,898,899,900,901,902,903,905,1026,1025,1024,1023
攻击间隔 -%s
420,421,331,337,338,339,1901,1904,2012,2013,2014,2816,2819,2952,2957,2962,2967,2972,2879,2880,3114,3118,3508,3525,3542,3565,3573,3581,3680,3681
攻击距离 +%s
471,1422
吟唱时间 -%s%%
441,442,443,444,1417,332,333,334,335,355,594,595,1428,1449,1511,1518,1907,2007,2008,2009,2010,2011,2148,2914,3111,2825,2900,3090,2927,2932,2937,2942,2947,3122,2878,3403,3404,3566,3574,3582,3679,3758,3759
物理防御 +%s
477,479,482,1244,1245,1246,1247,1248,1249,1250,1251,1252,1253,1254,1255,1256,1257,1420,216,217,218,219,220,590,598,599,600,601,652,653,654,655,656,657,658,659,660,661,1058,1057,1056,1055,359,360,361,909,910,911,912,913,914,915,916,917,918,919,1027,1028,1029,1030,3032,3136,3137,3138,3139,3199,3279,3280,3281,3282,3283,3284,3285,3286,1151,1153,2885,2435,2439,2443,2469,557,558,559,560,1145,1147,1149,2448,2450,2452,3399,3734
物理防御 +%s%%
221,222,223,224,225,2102,2103,2104,2105,2106,2107,2108,2167,2168,2169,2170,2171,2172,2173,2174,2175
五行防御 +%s
484,486,489,306,307,308,309,310,380,381,382,1565,2109,2110,2111,2112,2113,2114,2115,2116,3034,3140,3141,3142,3143,3200,3287,3288,3289,3290,3291,3292,3293,3294,1161,1163,2883,2436,2440,2444,565,566,567,568,1155,1157,1159,2454,2456,2467,3401,3735
金防 +%s
226,227,228,229,230,365,366,367,1519,1520,1521,1524,1527,1528,1530,1531,1534,1535,1537,1539,1541,1542,1544,1523,1525,1526,1529,1532,1533,1536,1538,1540,1545,1547,1687,1551,1554,1557,1560,1563,673,675,688,690,692,777,779,1185,1187,1189,1191,1193
金防 +%s%%
231,232,233,234,235,2194,2195,2196,2197,2198,2199,2200,2201,2202
木防 +%s
236,237,238,239,240,368,369,370,1546,1549,1550,1552,1553,1555,1556,1558,1559,1561,1562,1564,1566,1567,1568,1569,1571,1574,1576,1579,1582,1584,1588,1590,1593,1595,1598,1600,1603,1605,1608,1610,1611,721,745,747,749,751,781,783,1195,1197,1199,1201,1203
木防 +%s%%
424,425,426,427,428,2185,2186,2187,2188,2189,2190,2191,2192,2193
水防 +%s
429,430,431,432,433,371,372,373,1570,1572,1573,1575,1577,1578,1580,1581,1583,1585,1586,1587,1589,1591,1592,1616,1619,1621,1623,1626,1628,1630,1633,1634,1635,1636,1637,1639,1641,1644,1646,1648,1650,808,833,836,838,840,842,844,1205,1207,1209,1211,1213
水防 +%s%%
241,242,243,244,245,2212,2213,2214,2215,2216,2217,2218,2219,2220
火防 +%s
246,247,248,249,250,374,375,376,1594,1596,1597,1599,1601,1602,1604,1606,1607,1609,1612,1613,1614,1617,1618,1651,1652,1653,1654,1655,1656,1657,1658,1659,1660,1661,1662,1663,1664,1665,1666,1667,1668,846,851,854,861,872,874,876,1215,1217,1219,1221,1223
火防 +%s%%
251,252,253,254,255,2176,2177,2178,2179,2180,2181,2182,2183,2184
土防 +%s
256,257,258,259,260,377,378,379,1620,1622,1624,1625,1627,1629,1631,1632,1638,1640,1642,1643,1645,1647,1649,1669,1670,1671,1672,1673,1674,1675,1676,1677,1678,1679,1680,1681,1682,1683,1684,1685,1686,878,880,882,884,894,906,908,1225,1227,1229,1231,1233
土防 +%s%%
261,262,263,264,265,2203,2204,2205,2206,2207,2208,2209,2210,2211
+金防(%)-火防(%) %s
527,528,529,530,531
+木防(%)-金防(%) %s
532,533,534,535,536
+水防(%)-土防(%) %s
537,538,539,540,541
+火防(%)-水防(%) %s
542,543,544,545,546
+土防(%)-木防(%) %s
547,548,549,550,551
+金防-火防 %s
592,602,603,604,605,676,677,678,679,680,681,682,683,684,685,686,1066,1065,1064,1063,512,517,522,931,932,933,934,935,936,937,938,939,940,941,1038,1037,1036,1035
+木防-金防 %s
606,607,608,609,610,693,694,695,696,698,699,700,701,707,708,709,1070,1069,1068,1067,513,518,523,942,943,944,945,946,947,948,949,950,951,952,1042,1041,1040,1039
+水防-土防 %s
611,612,613,614,615,710,711,712,713,714,715,716,717,718,719,720,1074,1073,1072,1071,514,519,524,964,965,966,967,968,969,970,971,972,973,974,1050,1049,1048,1047
+火防-水防%s
617,616,618,619,620,722,723,724,725,726,727,728,729,730,731,732,1078,1077,1076,1075,515,520,525,975,976,977,978,979,980,981,982,983,984,985,1054,1053,1052,1051
+土防-木防%s
621,622,623,624,625,733,734,735,736,737,738,739,741,742,743,744,1082,1081,1080,1079,516,521,526,953,954,956,955,957,958,959,960,961,962,963,1046,1045,1044,1043
生命值 +%s
1239,1240,1241,1242,1243,1335,1336,1337,1338,1339,1340,1341,1342,1343,1344,1411,1412,1413,1414,1415,1416,266,267,268,269,270,626,627,628,629,630,1345,1346,1347,1348,1349,1370,1371,1372,1373,1374,1375,1376,1377,1378,1379,1380,1381,1382,1383,1384,1997,1998,1999,2000,2001,3019,3269,3270,3271,3272,3273,3274,3275,3276,3277,3278,2438,2442,2446,2468,2809,2812,2815,2818,2821,2824,2827,2830,2833,2836,2891,2894,2897,3115,3119,3123,577,578,579,580,1174,1175,1176,2463,2464,3559,3560,3561,3567,3568,3569,3575,3576,3577,3726,3843,3844,3845,3848,3849,3850
真气值 +%s
500,501,502,1234,1235,1236,1237,1238,1325,1326,1327,1328,1329,1330,1331,1332,1333,1334,276,277,278,279,280,631,632,633,634,635,1350,1351,1352,1353,1354,1355,1356,1357,1358,1359,1360,1361,1362,1363,1364,1365,1366,1367,1368,1369,2002,2003,2004,2005,2006,2117,2118,2119,2120,2121,2122,2123,2124,2125,1182,1183,2437,2441,2445,581,582,583,584,1179,1180,1181
生命值 +%s%%
271,272,273,274,275,387,1688,2133,2134,2135,2136,2137,2138,2139,2140,2141,2842,3505,3522,3539,3684,3692,3825,3830
真气值 +%s%%
281,282,283,284,285,388,1689
生命恢复速度 +%s
321,322,323,324,325,383,1690,1987,1988,1989,1990,1991
真气恢复速度 +%s
326,327,328,329,330,384,1691,1992,1993,1994,1995,1996
力量 +%s
1104,1105,1106,1107,1108,1124,1125,1126,1127,1128,1098,1084,1085,1086,1087,1429,1430,1431,1432,1433,1470,1471,1472,1473,1474,1490,1492,1450,1451,1452,1453,1454,1513,1895,1912,1913,1914,1915,1916,1917,1936,1937,1938,1939,1940,1941,1942,1943,1944,2272,2718,2745,3055,3072,3232,3255,3259,3352,3353,3354,1507,2909,3431,3453,3475,3499,3516,3533,3751,3752,3780,3781,3822
敏捷 +%s
1109,1110,1111,1112,1113,1418,1129,1130,1131,1132,1133,1088,1089,1090,1091,1092,1434,1435,1436,1437,1438,1475,1476,1477,1478,1479,1494,1455,1456,1457,1458,1459,1514,1897,1918,1919,1920,1921,1922,1923,1945,1946,1947,1948,1949,1950,1951,1952,1953,2271,2719,2746,3056,3073,3234,3256,3260,3358,3359,3360,2905,3432,3454,3476,3500,3517,3534,3755,3756,3784,3785,3823
灵力 +%s
1114,1115,1116,1117,1118,1419,1134,1135,1136,1137,1138,1093,1094,1095,1096,1097,1439,1440,1441,1442,1443,1480,1481,1482,1483,1484,1495,1460,1461,1462,1463,1464,1516,1899,1930,1931,1932,1933,1934,1935,1963,1964,1965,1966,1967,1968,1969,1970,1971,2270,2717,2744,3054,3071,3233,3257,3261,3355,3356,3357,2901,3433,3455,3477,3501,3518,3535,3753,3754,3782,3783,3824
体质 +%s
1119,1120,1121,1122,1123,1139,1140,1141,1142,1143,1099,1100,1101,1102,1103,1444,1445,1446,1447,1448,1485,1486,1487,1488,1489,1491,1493,1465,1466,1467,1468,1469,1515,1902,1905,1908,1924,1925,1926,1927,1928,1929,1954,1955,1956,1957,1958,1959,1960,1961,1962,2146,2273,2720,2747,3057,3074,3235,3258,3262,3329,3330,3331,3332,3333,3349,3350,3351,1893,3402,3434,3456,3478,3502,3519,3536,3689,3690,3691,3767,3768,3786,3787
致命一击率 +%s%%
473,474,475,1421,356,357,358,585,591,1510,1517,1977,1978,1979,1980,1981,2021,2024,2025,2027,2028,2147,2915,3020,1892,2026,3405,3513,3530,3547,3677,3757,3749,3750
命中 +%s
490,492,494,1311,1312,1313,1314,1315,1316,1317,1318,1319,1320,1321,1322,1323,1324,1406,1407,1408,1385,1386,1387,1388,1389,1390,1391,1392,1393,1395,1396,1397,1398,1399,569,570,571,572,1164,1166,1168,1170,1172,2457,2459,2461,3442,3464,3486
命中 +%s%%
462,463,464,389,390,391,1512,3678
移动速度 +%s
636,637,638,639,640,1972,1973,1974,1975,1976,2471,3512,3529,3546
移动速度 +%s%%
286,287,288,289,290,552
躲闪度 +%s
491,493,495,1258,1259,1260,1261,1262,1263,1264,1265,1266,1267,1268,1269,1270,1271,1409,1410,641,642,643,644,645,662,663,664,665,666,667,668,669,670,671,1062,1061,1060,1059,593,596,597,920,921,922,923,924,925,926,927,928,929,930,1031,1032,1033,1034,573,574,575,576,1165,1167,1169,1171,1173,2458,2460,2462
躲闪度 +%s%%
291,292,293,294,295,392,393,394
耐久度 +%s
646,647,648,649,650
耐久度(%)+%s%%
465,467,469,296,297,298,299,300,407,408,409
物理免疫 +%s%%
1272,1273,1274,311,312,313,314,315,362,363,364,1896,1898,1900,1982,1983,1984,1985,1986,2916,2831,3092,3103,3104
撕裂：一定机率造成15秒5000攻击力的流血伤害%s
445
蚀魂：一定机率降低对方生命上限 %s
446
击退：一定机率打断对手技能并击退怪物10米 %s
447
凝神：一定机率获得20点元气 %s
448
碎灵：一定机率驱散对方有益状态#%s
449
击晕：一定机率将对方击晕3秒 %s
450
减速：一定机率使对方减速%s
451
定身：一定机率使对方定身3秒 %s
452
破甲：一定机率使对方物防降低 %s
453
封印：一定机率使对方5秒内不能攻击. %s
454
减速：降低目标的速度 %s
455
定身：一定几率使对方定身3秒 %s
456
破甲：一定记录使对方物防降低。 %s
457
击晕：一定机率将对方击晕3秒 %s
458
减速：一定机率使对方减速 %s
459
定身：一定机率使对方定身3秒 %s
460
破甲：一定机率使对方物防降低 %s
461
破甲：一定机率使对方物防降低 %s
1275
虚弱：一定机率使对方法防降低%s
1276
蚀刃：一定机率使对方物攻降低%s
1277
散神：一定机率使对方法攻降低 %s
1278
迟缓：一定机率使对方攻速降低%s
1279
迟钝：一定机率使对方吟唱变慢%s
1280
目盲：一定机率使对方命中降低 %s
1281
笨拙：一定机率使敌人闪避降低 %s
1282
坚韧：一定机率使自已物防提升 %s
1283
睿智：一定机率使自已法防提升 %s
1284
睿智：一定机率使自已法防提升 %s
1285
利刃：一定机率使自已物攻提升 %s
1286
迅捷：一定机率使自已攻速提升 %s
1287
灵巧：一定机率使自已命中提升 %s
1288
恢复：一定机率回复自已5%%生命%s
1289
重生：一定机率回复自已5%%真气 %s
1290
黯然：一定机率使自已物攻较大提升，同时自已损失5%%的真气 %s
1291
背水一战：一定机率使自已物攻较大提升，同时物防下降%s
1292
挑衅：更容易挑起敌人对自己的仇恨 %s
1293
击晕：一定机率将对方击晕3秒 %s
1294
定身：一定机率使对方定身3秒 %s
1295
封印：一定机率使对方5秒内不能攻击 %s
1296
狂战士：一定机率打出加倍伤害，但会损失5%%的最大生命值 %s
1297
狂暴：一定机率使自已进入狂暴状态，物攻加倍，攻速提升，但会受加深伤害 %s
1298
冥想：一定机率回复自已5%%的生命和真气%s
1299
噬血：一定机率回复自已10%%生命 %s
1300
噬魂：一定机率回复自已10%%真气 %s
1301
复仇：一定机率回复自已5%%生命，且使自已物理攻击提升%s
1302
感悟：一定机率回复自已5%%真气 %s
1303
刺甲：一定机率使自已物防提升，且反弹25%%近身物理伤害 %s
1304
真气盾：一定机率使自己被真气盾包围，受到的所有伤害减免20%%%s
1305
祝福：一定机率使自已物攻和物防提升%s
1306
信念：一定机率回复自已5%%生命，并使自已物防和法防提升 %s
1307
破釜沉舟：一定机率将对方击晕5秒，同时自已定身10秒 %s
1308
神圣：一定机率回复自已5%%生命，且驱散掉自身的负面状态 %s
1309
八阵：一定机率使敌人陷入定身及封印状态不能攻击 %s
1310
狂战神：被祝福过的狂战士之力，更大几率打出加倍伤害，但会损失5%%的最大生命值 %s
2275
碎甲：被祝福过的破甲之力，更大机率使对方物防降低. %s
2276
十方八阵：被祝福过的八阵之力，更大机率使敌人陷入定身及封印状态不能攻击. %s
2277
生死意念：被祝福过的破釜沉舟之力，更大机率将对方击晕5秒，同时自已定身10秒. %s
2278
碎灵池：被祝福过的碎灵之力，更大机率驱散对方有益状态. %s
2279
雷霆震：被祝福过的击晕之力，更大几率将对方击晕3秒 %s
2280
封魂：被祝福过的封印之力，更大机率使对方5秒内不能攻击 %s
2281
血仇：被祝福过的复仇之力，更大机率回复自已5%%生命，且使自已物理攻击提升 %s
2282
狂神之怒：被祝福过的狂暴之力，更大机率使自已进入狂暴状态，物攻加倍，攻速提升，但会受加深伤害. %s
2283
轰雷破:攻击时有一定几率使目标定身4秒，同时降低其物理防御和五行防御，持续8秒. %s
2472
金刚夺：攻击时有一定几率使目标昏迷2秒，同时降低其物理防御和移动速度，持续5秒。 %s
2473
霸王诀：攻击时有一定几率回复20%%的生命值，同时提升命中和血量上限，持续8秒. %s
2474
狂龙乱：攻击时有一定几率恢复25%%生命值，同时提高自身闪避和暴击几率，持续5秒. %s
2475
剑仙曲：攻击时有一定几率使目标封印，同时移动速度降低并且受到的伤害加深，持续5秒. %s
2476
太清咒：受到攻击时有一定几率解除自身异常状态，同时免疫击晕、减速效果，移动速度提高200%%，持续5秒. %s
2477
5%被击中触发提高从法术攻击100%，减唱50%，持续6S. %s
2478
海无量：受到攻击时有一定几率在9秒内恢复2100点生命值，同时增加50点元气 %s
2479
天香舞:2%被击中触发物防、法防提高100%持续10S，回复生命10% %s
2480
5%被击中触发触发不受定身状态和移动速度加快，持续8S. %s
2481
反噬：由于武器的力量过于强大，每次攻击时都有20%%的可能吞噬自己的灵魂，使自己的血上限降低80%%，且受到攻击时额外承受100%%伤害% %s
2482
狂战神：被祝福过的狂战士之力，更大几率打出加倍伤害，但会损失5%的最大生命值. %s
2710
破甲2：一定机率使对方物防降低 %s
2711
定身2：一定机率使对方定身3秒 %s
2712
撕裂2：一定机率造成15秒5000攻击力的流血伤害 %s
2713
击晕2：一定机率将对方击晕3秒 %s
2714
太清咒：受到攻击时有一定几率解除自身异常状态，同时免疫击晕、减速效果，移动速度提高200%%，持续5秒 %s
2715
海无量：受到攻击时有一定几率在9秒内恢复2100点生命值，同时增加50点元气 %s
2716
炽绯魂：攻击有一定几率打出加倍伤害 %s
3221
行僵疫：攻击有一定几率使目标受到的治疗效果降低50%%，效果持续8秒 %s
3222
重霄劫：攻击有一定几率使自己暴击率提高30%%，暴击伤害提高30%%，效果持续10秒 %s
3223
蚀心斩：攻击有一定几率使目标物理防御与法术防御降低100%%，效果持续8秒 %s
3224
逍遥意：攻击有一定几率使自身吟唱时间缩短30%%，效果持续8秒 %s
3225
磐龙甲：受到攻击时有一定几率使自身在接下来的5秒内闪避所有负面状态 %s
3226
风残影：受到攻击时有一定几率使自身在接下来的5秒内闪避所有伤害 %s
3227
婆娑体：受到攻击时有一定几率使自身在接下来的5秒内进入不可选中状态，同时使敌人丢失目标 %s
3228
慈悲护：受到攻击时有一定几率使自身获得一个护盾，吸收接下来的8秒内受到的所有伤害；护盾消失后自身将每秒受到一次相当于护盾吸收伤害总量5%%的无视防御伤害，持续20秒 %s
3229
碎灵池：被祝福过的碎灵之力，更大机率驱散对方有益状态 %s
3239
魔神借力：借用魔神之力，攻击提高300%%装备值，防御提高100%%装备值，生命提高50%%，持续30秒，同时恢复50%%最大生命值的血量 %s
3392
魔神附体：借用魔神之力，攻击提高600%%装备值，防御提高200%%装备值，生命提高100%%，持续30秒，同时恢复100%%最大生命值的血量 %s
3393
力不虚发 %s
3583
隐匿伺机 %s
3584
幻化无极 %s
3585
玲珑化语 %s
3586
真元天启 %s
3587
五德祝福 %s
3588
三清祝福 %s
3589
八方祝福 %s
3590
绝圣弃武 %s
3591
生命真言 %s
3592
不屈意志 %s
3593
不灭金身 %s
3594
琉璃圣体 %s
3595
苍穹圣佑 %s
3596
圣魂挽歌 %s
3597
寒丘云步 %s
3598
细雨天华 %s
3599
幻羽飞仙 %s
3600
瞬间移动 %s
3601
不羁纵横 %s
3602
重霄之怒 %s
3603
不周之怒 %s
3604
八方之怒 %s
3605
舍命突击 %s
3606
斗志昂扬 %s
3607
狂天神 %s
3760
炽灭魂 %s
3761
装备需求 -%s%%
466,468,470,301,302,303,304,305,2738
鉴定属性 +%s
472,336,410
经验值加成 +%s%%
404,405,406,2015,2016,2017,2018,2019,2839,2840,2841
攻击等级 +%s
2029,2030,2031,2032,2033,2034,2035,2036,2037,2038,2065,2066,2067,2068,2069,2070,2071,2072,2073,2074,2075,2076,2077,2078,2079,2080,2081,2082,2083,2084,2098,2099,2100,2101,2142,2143,2149,2150,2151,2152,2153,2168,2268,2284,2287,2290,2293,2296,2314,2316,2319,2321,2324,2326,2329,2331,2334,2336,2339,2341,2344,2346,2349,2351,2354,2356,2359,2361,2761,2763,2766,2768,2771,2773,2776,2778,2781,2783,2786,2788,2791,2793,2796,2798,2801,2803,2806,2808,2811,2814,2817,2820,2823,2826,2829,2832,2835,2838,2893,2896,2899,2903,2907,2911,2928,2933,2938,2943,2948,2953,2958,2963,2968,2973,2974,2975,2976,2977,2978,2981,3009,3110,3152,3195,3203,3205,3206,3207,3208,3230,3263,3264,3312,3389,3390,3391,3428,3429,3562,3570,3578,3667,3731,3738,3832,3846,3851,3856,3858
防御等级 +%s
2085,2086,2087,2088,2089,2090,2091,2092,2093,2094,2095,2096,2097,2039,2040,2041,2042,2043,2044,2045,2046,2047,2048,2049,2050,2051,2052,2053,2054,2055,2056,2057,2058,2059,2060,2061,2062,2063,2064,2144,2145,2154,2155,2156,2157,2269,2274,2309,2310,2979,2980,3008,3153,3204,3231,3240,3241,3242,3243,3244,3245,3246,3247,3248,3249,3250,3251,3265,3266,3310,3311,2285,2286,2288,2289,2291,2292,2294,2295,2297,2298,2312,2315,2317,2320,2322,2325,2327,2330,2332,2335,2337,2340,2342,2345,2347,2350,2352,2355,2357,2360,2759,2762,2764,2767,2769,2772,2774,2777,2779,2782,2784,2787,2789,2792,2794,2797,2799,2802,2804,2807,2828,2892,2895,2898,2902,2906,2910,2924,2926,2929,2931,2934,2936,2939,2941,2944,2946,2949,2951,2954,2956,2959,2961,2964,2966,2969,2971,3091,2158,2159,2160,2161,2162,2163,2164,2165,3394,3395,3396,3563,3571,3579,3668,3699,3700,3730,3739,3748,3833,3847,3852,3857,3859
五行防御 +%s%%
2239,2240,2241,2242,2243,2244,2245,2246,2247,2299,2300,2301,2302,2303,2304,2305,2306,2307,2308
丛林之眼：可洞察万物变化 +%s
2311
魂力 +%s
2362,2922
金系减免 +%s%%
2487,2488,2489,2490
木系减免 +%s%%
2491,2492,2493,2494
水系减免 +%s%%
2495,2496,2497,2498
火系减免 +%s%%
2483,2484,2485,2486
土系减免 +%s%%
2499,2500,2501,2502
五行减免 +%s%%
2503,2504,2505,2921,2810,3089
攻击等级 +%s
2721,2722,2912,3075,3076,3334,3335,3336,3337,3385,3386,3387,3447,3469,3491,3511,3528,3545,3556,3693,3694,3769,3770,3796,3797
防御等级 +%s
2723,2724,3077,3078,3338,3339,3340,3381,3382,3383,3384,3446,3468,3490,3510,3527,3544,3557,3695,3696,3771,3772,3798,3799
致命一击率 +%s%%
2725,2726,2754,3316,3317,3318,3449,3471,3493,3762
生命值 +%s
2729,2740,2741,3050,3051,3068,3069,3070,3081,3439,3461,3483,3506,3507,3523,3524,3540,3541,3698
真气值 +%s
2730,2742,3052,3082,3441,3463,3485
命中 +%s%%
2731,3083,3319,3320,3321,3322,3323,3763,3764
物理防御 +%s
2732,2756,3064,3084,3436,3458,3480,3504,3521,3538,3553,3554,3555,3686,3685,3839
五行防御 +%s
2733,2755,3063,3065,3066,3067,3085,3435,3457,3479,3503,3520,3537,3550,3551,3552,3688,3687,3831
物理减免 +%s%%
2734,2757,3086,3802
五行减免 +%s%%
2735,2758,3087,3805
吟唱时间 -%s%%
2736,2737,2752,2753,2913,3062,3088,3324,3325,3326,3327,3328,3445,3467,3489,3509,3526,3543,3765,3766
攻击距离 +%s
2739,3682
真气恢复速度 +%s
2743,3053,3440,3462,3484
物理防御 +%s%%
2748,3058,3827
五行防御 +%s%%
2749,3059,3828
生命恢复速度 +%s
2750,3060,3437,3459,3481
躲闪度 +%s
2751,3061,3443,3465,3487
物理攻击上限 +%s
2727,3079
魔法攻击上限 +%s
2728,3080
致命一击率+1 %+%s%%
2313,2318,2323,2328,2333,2338,2343,2348,2353,2358,1506
致命一击率+3 +%s%%
1903,1906,1909,2904,2908,2760,2765,2770,2775,2780,2785,2790,2795,2800,2805,3564,3572,3580
致命一击率+4% +%s%%
2813,2822,2837
致命一击率+5% +%s%%
2925,2930,2935,2940,2945,2950,2955,2960,2965,2970
魂力（套装） +%s
2834,3093
金系攻击 +%s
672,674,687,689,691,778,776,1184,1186,1188,1190,1192
木系攻击 +%s
706,740,746,748,750,780,782,1194,1196,1198,1200,1202
水系攻击 +%s
812,819,834,837,839,841,843,1204,1206,1208,1210,1212
火系攻击 +%s
845,847,853,856,866,873,875,1214,1216,1218,1220,1222
土系攻击 +%s
877,879,881,883,888,904,907,1224,1226,1228,1230,1232
猎魔等级 +%s
2843,2844,2845,2846,2847,2848,2849,2881,2889,2890,3007,3021,3023,3109,3130,3131,3132,2861,2863,2865,2867,2869,2871,2873,2875,2877,2982,3107,3108,3113,3117,3121,3127,3128,3129
御魔等级 +%s
2850,2851,2852,2853,2854,2855,2856,2857,2858,2859,2887,2888,3022,3024,2860,2862,2864,2866,2868,2870,2872,2874,2876,3105,3106,3112,3116,3120,3124,3125,3126
生命值 +%s
497,498,499,2983,1177,1178,2886,3406
生命值 +%s
2126,2127,2128,2129,2130,2131,2132
力量 +%s
2917,2985,3010,3252,3096,3099,3102
敏捷 +%s
2918,2986,3014,3254,3095,3098,3101
灵力 +%s
2919,2987,3012,3253,3094,3097,3100
体质 +%s
2920,3016,3144,3145,3146,3147,3201,2465,3736
真气值 +%s
2984,3397
精炼物理攻击 +%s
1497,1498,1499,1692,1693,1694,1695,1696,1697,1698,1701,1699,1700,1702,1703,1704,1705,1706,1707,1708,1709,1710,1711,1712,1713,1714,1715,1716,1717,1718,1719,1720,1721,1722,1723,1724,1725,1726,1727,1728,1729,1730,1731,1732,1733,1734,1735,1736,1737,1738,1739,1740,1741,1742,1743,1744,1745,1746,1747,1748,1749,1750,1751,3741,3744,3743,3746,3747
精炼魔法攻击 +%s
1496
精炼物理防御 +%s
1503,1832,1833,1834,1835,1836,1837,1838,1839,1840,1841,1842,1843,1844,1845,1846,1847,1848,1849,1850,1851,3829
精炼生命值 +%s
1500,1501,1502,1772,1773,1774,1775,1776,1777,1778,1779,1780,1781,1782,1783,1784,1785,1786,1787,1788,1789,1790,1791,1792,1793,1794,1795,1796,1797,1798,1799,1800,1801,1802,1803,1804,1805,1806,1807,1808,1809,1810,1811,1812,1813,1814,1815,1816,1817,1818,1819,1820,1821,1822,1823,1824,1825,1826,1827,1828,1829,1830,1831,3853,3854,3855
精炼躲闪 +%s
1505,1872,1873,1874,1875,1876,1877,1878,1879,1880,1881,1882,1883,1884,1885,1886,1887,1888,1889,1890,1891
精炼五行防御 +%s
1504,1852,1853,1854,1855,1856,1857,1858,1859,1860,1861,1862,1863,1864,1865,1866,1867,1868,1869,1870,1871,3838
精炼物理攻击 & 魔法攻击 +%s
1752,1753,1754,1755,1756,1757,1758,1759,1760,1761,1762,1763,1764,1765,1766,1767,1768,1769,1770,1771,3742,3745
精炼物理防御 & 魔法防御 +%s
2923,3346,3347,3348,3803,3804
气魄 +%s
3043,3044,3148,3149,3150,3151,3196,3209,3210,3211,3212,3202,3236,3237,3238,3611,3683,3729,3733,3737
物理攻击 +%s
3160,3161,3162,3154,3424,3425,3622,3633,3644,3655,3666,3608
法术攻击 +%s
3163,3155,3156,3426,3427,3615,3626,3637,3648,3659,3609
物理防御 +%s
3164,3165,3166,3619,3620,3621,3630,3631,3632,3641,3642,3643,3652,3653,3654,3663,3664,3665,3669
法术防御 +%s
3167,3168,3169,3157,3612,3613,3614,3623,3624,3625,3634,3635,3636,3645,3646,3647,3656,3657,3658,3670
生命值 +%s
3170,3171,3172,3158,3616,3617,3618,3627,3628,3629,3638,3639,3640,3649,3650,3651,3660,3661,3662,3610
气魄 +%s
3173,3307,3308,3309
金防 +%s
3174,3175,3176
木防 +%s
3177,3178,3179
水防 +%s
3180,3181,3182
火防 +%s
3183,3184,3185
土防 +%s
3186,3187,3188
准确度 +%s
3189
躲闪度 +%s
3190
真气值 +%s
3191,3192,3159
物理穿透 +%s
3193,3197,3213,3214,3215,3216,3834
法术穿透 +%s
3194,3198,3217,3218,3219,3220,3835
物理防御 +%s
3366,3367,3368,3369,3370,3371,3372,3373,3374,3375,3792,3793,3794,3795
五行防御 +%s
3361,3362,3363,3364,3365,3376,3377,3378,3379,3380,3788,3789,3790,3791
气魄 +%s
3341,3342,3343,3388,3450,3472,3494,3697,3773,3774,3800,3801
物理穿透 +%s
3344,3775,3776
法术穿透 +%s
3345,3777,3778
天书精炼气魄 +%s
3407,3408,3409,3410,3411,3412,3413,3414,3415,3416
巅峰等级 +%s
3558,3717,3732,3779,3826,3860
物理攻击 +%s
3451,3473,3495
法术攻击 +%s
3452,3474,3496
攻击间隔 -%s
3444,3466,3488
生命值 +%s%%
3438,3460,3482
移动速度 +%s
3448,3470,3492
物防+魔防 +%s
3727
物攻+魔攻 +%s
3728
创世等级 +%s
3740
暴击伤害减少 +%s%%
3836,3840
暴击伤害增加 +%s%%
3837,3841
